Coincidencias;Eficiencia;Tiempo UTC
3.58528;1;1571080960
3.615;1;1571084558
3.61417;1;1571088156
3.56417;1;1571091754
3.60222;1;1571095352
3.57333;1;1571098951
3.5825;1;1571102549
3.55611;1;1571106147
3.58139;1;1571109745
3.52889;1;1571113343
3.5675;1;1571116941
3.55056;1;1571120539
3.53056;1;1571124138
3.57278;1;1571127736
3.55722;1;1571131334
3.51278;1;1571134932
3.54167;1;1571138530
3.52944;1;1571142129
3.52472;1;1571145727
3.56306;1;1571149325
3.51306;1;1571152923
3.5132;0.999093;1571156521
3.57111;1;1571160119
3.49222;1;1571163718
3.5475;1;1571167316
3.51944;1;1571170914
3.53722;1;1571174512
3.54417;1;1571178110
3.59;1;1571181708
3.5125;1;1571185307
3.53444;1;1571188905
3.54528;1;1571192503
3.47139;1;1571196101
3.52611;1;1571199699
3.55833;1;1571203297
3.56361;1;1571206896
3.51611;1;1571210494
3.55;1;1571214092
3.51583;1;1571217690
3.505;1;1571221288
3.48222;1;1571224886
3.51639;1;1571228485
3.54639;1;1571232083
3.53639;1;1571235681
3.58778;1;1571239279
3.55333;1;1571242877
3.55444;1;1571246475
3.60639;1;1571250073
3.50889;1;1571253672
3.55056;1;1571257270
3.55083;1;1571260868
3.52306;1;1571264466
3.59722;1;1571268064
3.54917;1;1571271662
3.59333;1;1571275261
3.52361;1;1571278859
3.59611;1;1571282457
3.56917;1;1571286055
3.5475;1;1571289653
3.54972;1;1571293252
3.51639;1;1571296850
3.54472;1;1571300448
3.57806;1;1571304046
3.50861;1;1571307644
3.61389;1;1571311242
3.56611;1;1571314841
3.52056;1;1571318439
3.55111;1;1571322037
3.63583;1;1571325635
3.57833;1;1571329233
3.59444;1;1571332831
3.59917;1;1571336430
3.58917;1;1571340028
3.67028;1;1571343626
3.59056;1;1571347224
3.61083;1;1571350822
3.59333;1;1571354420
3.56611;1;1571358018
3.58806;1;1571361616
3.58417;1;1571365214
3.56405;0.999109;1571368812
3.52667;1;1571372410
3.54694;1;1571376009
3.56028;1;1571379607
3.545;1;1571383205
3.52056;1;1571386803
3.56056;1;1571390401
3.58444;1;1571393999
3.595;1;1571397598
3.58861;1;1571401196
3.56;1;1571404794
3.58944;1;1571408392
3.49333;1;1571411990
3.57194;1;1571415588
3.52611;1;1571419187
3.58639;1;1571422785
3.55889;1;1571426383
3.5775;1;1571429981
3.565;1;1571433579
3.5525;1;1571437177
3.51944;1;1571440776
3.51833;1;1571444374
3.51833;1;1571447972
3.54472;1;1571451570
3.55556;1;1571455168
3.50639;1;1571458767
3.52056;1;1571462365
3.54;1;1571465963
3.57722;1;1571469561
3.54028;1;1571473159
3.49833;1;1571476758
3.51306;1;1571480356
3.51861;1;1571483954
3.51889;1;1571487552
3.53944;1;1571491150
3.51444;1;1571494749
3.51472;1;1571498347
3.57056;1;1571501945
3.54528;1;1571505543
3.57333;1;1571509141
3.56944;1;1571512739
3.56972;1;1571516337
3.53098;0.999099;1571519935
3.52361;1;1571523533
3.55571;0.999107;1571527131
3.54139;1;1571530729
3.60722;1;1571534327
3.56528;1;1571537925
3.52417;1;1571541523
3.58083;1;1571545122
3.545;1;1571548720
3.57083;1;1571552318
3.58167;1;1571555916
3.6;1;1571559514
3.57167;1;1571563112
3.63694;1;1571566711
3.60306;1;1571570309
3.5625;1;1571573907
3.61528;1;1571577505
3.58377;0.999116;1571581103
3.61139;1;1571584701
3.57528;1;1571588299
3.56861;1;1571591897
3.63556;1;1571595496
3.57667;1;1571599094
3.5975;1;1571602692
3.59016;0.999041;1571606290
3.58056;1;1571609888
3.57611;1;1571613486
3.56972;1;1571617084
3.53889;1;1571620682
3.615;1;1571624280
3.48139;1;1571627878
3.58861;1;1571631476
3.54667;1;1571635074
3.5275;1;1571638673
3.63917;1;1571642271
3.52917;1;1571645869
3.55528;1;1571649467
3.57139;1;1571653065
3.56111;1;1571656663
3.53417;1;1571660262
3.60472;1;1571663860
3.56722;1;1571667458
3.6175;1;1571671056
3.60556;1;1571674654
3.56556;1;1571678252
3.60139;1;1571681850
3.5975;1;1571685449
3.61028;1;1571689047
3.59361;1;1571692645
3.54528;1;1571696243
3.53222;1;1571699841
3.54194;1;1571703439
3.47124;0.998998;1571707038
3.52833;1;1571710636
3.55139;1;1571714234
3.55139;1;1571717832
3.57417;1;1571721430
3.58111;1;1571725028
3.55043;0.999105;1571728626
3.56833;1;1571732224
3.55056;1;1571735823
3.53556;1;1571739421
3.51778;1;1571743019
3.54306;1;1571746617
3.62333;1;1571750215
3.62222;1;1571753813
3.60944;1;1571757411
3.595;1;1571761009
3.55833;1;1571764607
3.60139;1;1571768206
3.59528;1;1571771804
3.60389;1;1571775402
3.63417;1;1571779000
3.60944;1;1571782598
3.655;1;1571786196
3.59722;1;1571789794
3.52889;1;1571793392
3.59917;1;1571796990
3.58472;1;1571800588
3.58361;1;1571804187
3.525;1;1571807785
3.61306;1;1571811383
3.53028;1;1571814981
3.57361;1;1571818579
3.59306;1;1571822177
3.59333;1;1571825775
3.55528;1;1571829374
3.58167;1;1571832972
3.60194;1;1571836570
3.66194;1;1571840168
3.63083;1;1571843766
3.61306;1;1571847364
3.63306;1;1571850962
3.64972;1;1571854560
3.63667;1;1571858158
3.61083;1;1571861756
3.615;1;1571865354
3.63639;1;1571868952
3.61667;1;1571872550
3.61056;1;1571876148
3.61278;1;1571879747
3.53417;1;1571883345
3.59278;1;1571886943
3.57778;1;1571890541
3.57611;1;1571894139
3.6325;1;1571897737
3.56417;1;1571901335
3.61556;1;1571904933
3.58444;1;1571908532
3.58472;1;1571912130
3.58778;1;1571915728
3.55583;1;1571919326
3.53944;1;1571922924
3.54083;1;1571926522
3.64556;1;1571930120
3.57944;1;1571933719
3.57167;1;1571937317
3.61583;1;1571940915
3.6575;1;1571944513
3.61861;1;1571948111
3.57083;1;1571951709
3.60806;1;1571955307
3.56917;1;1571958905
3.55639;1;1571962503
3.60417;1;1571966101
3.59833;1;1571969699
3.60028;1;1571973297
3.63694;1;1571976895
3.59028;1;1571980493
3.58278;1;1571984091
3.56194;1;1571987689
3.56778;1;1571991288
3.58611;1;1571994886
3.57167;1;1571998484
3.59044;0.999118;1572002082
3.54611;1;1572005680
3.57111;1;1572009278
3.53389;1;1572012876
3.54833;1;1572016474
3.60694;1;1572020072
3.63351;0.999055;1572023671
3.55667;1;1572027269
3.5775;1;1572030867
3.63361;1;1572034465
3.56833;1;1572038063
3.56194;1;1572041661
3.55583;1;1572045259
3.60639;1;1572048857
3.51028;1;1572052455
3.59194;1;1572056053
3.60222;1;1572059651
3.58361;1;1572063249
3.5975;1;1572066847
3.62028;1;1572070445
3.61861;1;1572074043
3.645;1;1572077642
3.60833;1;1572081240
3.49444;1;1572084838
3.60167;1;1572088436
3.61611;1;1572092034
3.53583;1;1572095632
3.56139;1;1572099230
3.62111;1;1572102828
3.56861;1;1572106427
3.62056;1;1572110025
3.625;1;1572113623
3.59889;1;1572117221
3.65972;1;1572120819
3.6125;1;1572124417
3.64389;1;1572128015
3.54472;1;1572131613
3.63417;1;1572135211
3.60972;1;1572138809
3.61778;1;1572142407
3.56417;1;1572146005
3.59972;1;1572149603
3.69556;1;1572153201
3.59667;1;1572156799
3.60917;1;1572160397
3.58667;1;1572163995
3.62111;1;1572167593
3.60111;1;1572171191
3.54944;1;1572174789
3.62389;1;1572178387
3.6225;1;1572181985
3.63833;1;1572185583
3.61444;1;1572189181
3.62278;1;1572192779
3.68194;1;1572196378
3.65694;1;1572199976
3.69;1;1572203574
3.60583;1;1572207172
3.55917;1;1572210770
3.56222;1;1572214368
3.60083;1;1572217966
3.58389;1;1572221564
3.59833;1;1572225162
3.56833;1;1572228760
3.60833;1;1572232358
3.62194;1;1572235956
3.6;1;1572239554
3.66833;1;1572243152
3.64917;1;1572246751
3.65444;1;1572250349
3.61111;1;1572253947
3.63306;1;1572257545
3.67389;1;1572261143
3.61989;0.999127;1572264741
3.67861;1;1572268339
3.62139;1;1572271937
3.59833;1;1572275535
3.65806;1;1572279133
3.64694;1;1572282731
3.63861;1;1572286329
3.67611;1;1572289927
3.65528;1;1572293525
3.64111;1;1572297123
