75
54
92
89
72
72
73
79
81
85
62
93
88
81
76
76
69
86
90
68
71
84
94
88
75
76
65
85
74
83
96
81
67
84
80
81
87
75
88
86
95
97
77
68
78
80
82
95
88
84
67
87
88
94
67
75
106
75
90
75
91
78
90
88
73
67
86
87
74
88
72
89
80
76
76
86
67
87
91
76
78
79
82
89
89
71
71
89
80
82
94
67
94
72
75
78
76
90
82
75
84
79
84
88
78
95
86
101
86
101
74
99
87
88
84
90
92
88
69
87
91
67
95
83
84
76
94
85
75
87
76
87
81
88
99
89
79
85
82
72
80
84
96
89
91
77
80
72
66
85
78
94
74
71
98
68
75
73
83
72
93
83
88
69
75
79
95
87
74
72
77
89
66
84
88
76
89
83
84
90
92
88
91
96
88
99
74
86
73
88
81
94
73
87
87
83
64
63
83
85
94
99
80
87
91
90
98
75
92
68
75
101
90
78
81
75
82
81
84
76
92
69
81
59
66
90
77
81
76
87
95
89
67
73
78
79
71
85
76
75
94
96
67
83
73
82
80
92
80
77
77
65
85
83
76
78
79
88
76
70
85
87
74
78
73
90
71
94
70
90
80
82
74
64
73
83
84
84
73
77
77
90
78
88
90
108
73
73
84
88
82
83
89
89
83
76
81
81
78
89
105
79
73
82
77
80
66
86
64
69
76
72
79
72
77
80
84
88
68
80
66
79
81
83
95
74
85
69
85
74
75
77
90
73
68
85
86
78
78
85
80
81
94
80
71
87
83
95
91
84
77
76
88
105
73
86
71
88
70
75
98
98
61
86
78
85
84
77
80
76
60
94
87
76
89
74
100
86
79
73
67
77
83
84
70
65
80
71
80
91
83
83
75
71
60
81
95
82
84
78
84
85
87
90
74
68
88
68
90
91
78
78
88
79
76
93
89
69
60
87
88
88
80
79
81
82
70
82
89
85
67
86
69
79
79
101
76
81
81
79
79
75
89
99
76
77
89
80
70
68
90
78
94
74
80
69
79
85
79
70
75
88
72
65
89
66
67
71
84
85
84
83
86
88
77
72
60
72
80
72
80
89
77
71
84
80
66
87
63
86
68
88
76
75
94
72
85
75
77
83
94
67
66
84
76
92
80
79
77
89
84
58
73
90
63
84
86
84
94
77
102
75
96
79
81
67
89
69
88
73
82
98
90
87
85
97
79
87
72
62
86
74
81
72
80
86
83
81
89
80
82
74
82
86
82
91
95
73
70
87
80
75
82
86
80
68
75
85
73
80
73
77
89
68
77
79
83
76
84
71
79
80
101
81
81
77
99
88
81
81
79
68
89
70
68
84
84
81
82
90
71
79
76
79
84
80
81
86
75
70
92
73
81
103
79
85
85
76
84
67
83
68
83
66
95
89
96
86
67
78
85
71
84
84
76
76
71
64
71
69
85
63
93
91
70
80
76
87
73
82
90
75
86
87
89
66
81
97
66
68
78
72
79
89
77
70
73
84
71
77
78
78
71
76
74
75
79
76
68
80
76
78
73
77
72
86
88
83
75
78
88
80
75
67
89
79
113
84
93
81
89
77
87
91
77
81
76
87
82
73
68
72
82
76
66
83
85
83
68
84
83
88
90
90
75
93
90
69
75
78
75
71
90
97
82
87
76
69
78
77
91
87
99
68
71
79
85
79
81
73
77
79
73
94
79
81
89
78
83
82
71
57
65
80
84
74
92
75
91
78
69
75
70
69
76
91
84
83
77
82
91
96
69
82
80
80
65
94
91
68
80
78
71
86
86
72
59
87
78
77
74
76
84
90
70
91
70
63
71
81
79
61
88
58
67
85
75
90
76
72
65
92
106
78
70
90
84
84
70
65
75
88
78
75
85
70
81
86
79
87
90
79
84
76
64
69
80
75
93
78
75
88
71
91
84
88
83
82
91
78
84
81
92
75
72
82
78
75
81
79
77
62
87
82
76
87
65
67
69
84
76
76
72
78
76
84
75
86
74
81
93
74
72
81
77
69
76
86
71
74
75
87
72
60
79
79
70
87
82
75
90
59
80
78
78
76
106
82
74
82
71
73
83
92
75
81
69
73
88
94
83
81
95
75
76
98
60
78
84
76
81
80
76
86
57
80
84
86
73
68
72
89
82
111
80
87
91
75
70
77
68
84
87
82
87
89
85
75
74
85
89
79
77
88
64
79
73
71
90
87
70
79
68
84
85
79
87
70
82
90
70
75
86
84
69
86
66
71
66
79
94
85
80
94
68
80
91
79
73
63
73
89
76
97
77
82
76
87
77
84
86
95
85
95
80
96
79
86
77
80
82
89
85
89
87
82
83
75
95
79
71
68
87
82
79
84
80
69
85
91
75
80
90
77
81
72
82
96
78
79
85
86
81
77
99
84
81
75
81
99
95
74
71
71
93
86
91
80
81
83
69
91
87
92
75
82
93
72
101
78
75
73
75
60
85
94
79
74
65
77
64
70
84
70
97
75
73
68
83
94
78
88
84
79
81
71
88
78
91
76
80
82
84
85
82
86
80
66
79
61
67
77
86
87
73
95
81
74
78
81
74
92
91
86
86
81
85
77
80
90
72
84
95
65
72
87
77
81
84
87
72
84
95
66
76
75
75
91
95
96
82
87
82
67
77
76
85
98
75
72
80
85
82
84
67
92
79
92
72
83
78
78
75
72
91
81
85
66
98
89
67
75
72
87
85
93
70
82
81
76
79
94
73
77
71
73
78
90
85
87
77
84
62
82
78
72
100
73
63
82
73
83
77
80
74
68
109
77
95
80
81
70
74
80
79
75
86
63
102
88
96
76
89
67
96
74
64
72
79
83
73
99
85
63
80
85
73
82
79
71
88
90
78
91
91
71
71
78
80
74
74
85
90
74
78
100
76
72
82
85
100
99
80
69
76
89
78
78
72
90
100
74
91
71
84
93
84
100
79
92
84
89
76
81
75
101
86
82
97
91
79
90
78
88
59
80
61
77
82
86
73
63
65
74
97
88
83
88
87
83
75
66
72
73
64
91
97
77
109
90
93
83
67
68
87
80
72
98
89
86
81
84
85
86
92
88
66
78
84
72
82
74
85
85
93
83
83
97
66
71
70
86
80
89
84
85
73
74
77
96
82
93
77
64
72
77
71
83
93
90
70
88
73
66
72
81
89
78
72
71
71
81
79
76
91
73
70
76
85
79
82
72
78
96
83
72
100
78
85
67
85
81
78
76
87
86
95
75
87
89
91
77
86
87
68
75
85
91
86
85
90
78
88
92
66
69
90
75
80
78
86
70
82
71
91
96
83
69
83
89
66
65
75
74
79
86
80
82
73
84
99
88
76
70
92
69
83
84
84
74
68
78
84
79
79
74
83
79
75
86
76
86
83
60
80
84
73
74
87
80
80
79
80
85
74
74
75
76
80
67
66
86
100
85
66
75
94
100
82
82
75
87
70
76
75
72
78
91
90
74
72
74
74
81
79
74
99
63
92
84
87
79
85
70
76
106
90
72
80
81
80
83
88
88
79
64
79
72
83
102
83
91
98
83
78
86
82
84
82
76
81
89
74
91
93
70
91
71
78
83
84
79
65
82
91
79
81
94
68
61
86
72
100
69
80
91
81
58
77
82
80
72
81
85
72
91
89
81
74
91
91
70
82
91
75
74
75
83
77
67
84
88
93
64
104
81
92
84
89
78
96
86
69
81
71
78
76
78
71
78
90
84
78
83
86
82
66
105
78
99
101
72
64
87
74
84
74
84
84
84
85
96
81
77
82
80
76
69
58
71
87
91
93
65
86
83
85
82
87
67
71
67
84
85
87
94
82
91
73
85
75
84
76
85
73
69
89
87
89
80
80
78
96
76
100
82
66
84
84
74
92
78
80
88
92
68
93
77
89
76
75
72
87
83
78
74
69
74
71
70
76
83
68
72
72
75
89
76
73
80
86
80
88
82
79
66
75
85
83
74
95
83
83
88
65
72
84
79
74
82
72
75
65
97
78
87
71
71
67
75
92
66
75
75
79
68
101
82
80
81
79
78
66
91
93
70
68
104
75
67
77
96
78
71
99
91
83
95
75
82
81
80
84
72
80
85
63
84
74
70
75
93
77
86
83
95
81
85
88
76
92
80
87
86
83
73
91
68
74
92
60
73
82
80
89
81
90
79
96
60
77
78
90
78
68
82
69
73
80
73
82
61
100
77
84
70
96
104
85
88
74
95
96
80
99
80
74
80
93
85
100
84
91
88
77
69
82
86
90
74
77
85
92
75
78
60
80
83
78
71
82
72
90
85
89
71
77
72
90
85
70
75
82
94
91
78
94
80
74
75
78
66
72
75
73
67
72
76
81
94
73
94
86
91
83
72
85
70
75
73
65
83
67
76
82
57
81
89
74
89
78
81
98
86
68
76
78
71
76
90
89
85
77
78
85
73
76
70
68
75
79
74
71
70
86
96
86
77
77
69
69
72
101
85
76
72
67
77
67
65
66
83
80
82
74
91
80
83
65
78
80
78
74
76
87
89
71
64
92
76
75
65
93
77
81
65
87
73
112
87
66
73
70
81
91
67
88
79
73
86
85
82
86
92
93
67
74
76
79
91
71
80
72
68
85
62
71
72
74
81
73
82
68
76
71
90
79
83
74
78
78
92
80
81
75
84
103
68
83
71
90
76
83
77
79
71
79
79
72
69
68
68
96
91
74
80
78
76
70
86
83
94
87
90
85
90
82
89
70
78
72
72
70
82
91
85
64
90
92
74
65
94
89
80
86
72
76
95
69
61
73
90
67
73
101
94
80
75
69
74
62
88
80
81
87
73
87
84
86
73
73
96
83
87
73
79
70
90
83
78
61
77
76
88
83
89
74
77
68
87
75
68
69
76
80
86
68
89
76
91
75
95
73
72
81
86
69
83
73
76
87
85
83
87
85
91
91
71
79
86
62
72
77
85
70
79
83
82
59
75
63
73
71
78
88
85
94
89
73
65
77
79
81
75
89
81
78
66
91
76
80
93
95
74
85
73
88
80
87
66
76
73
75
82
78
76
85
75
81
61
89
75
82
66
87
64
69
99
73
97
69
80
89
83
72
72
64
89
83
80
61
63
74
82
75
82
77
75
83
81
71
74
63
80
80
79
84
91
63
69
67
71
74
77
72
82
87
80
70
76
86
83
85
83
81
89
68
77
71
74
76
82
66
75
66
95
76
86
90
75
86
87
72
77
82
81
75
74
84
77
56
82
86
80
83
66
86
73
70
86
81
72
84
97
66
85
91
79
83
73
78
83
74
67
72
74
70
69
72
75
60
75
73
96
75
83
109
93
77
69
77
93
90
79
69
75
75
87
82
82
73
76
79
99
84
81
72
75
94
79
77
84
89
72
90
75
72
76
74
86
79
77
75
72
85
70
88
83
86
66
72
68
74
78
76
88
74
91
81
71
103
95
78
73
78
93
73
68
82
102
90
84
55
72
76
75
78
89
79
70
85
69
79
86
74
76
83
75
78
86
87
80
80
86
69
80
89
68
83
80
82
82
73
63
77
78
87
75
79
82
76
91
65
89
83
80
81
78
64
80
81
78
75
80
79
82
85
65
79
74
85
83
79
77
78
80
93
73
86
80
94
75
78
90
79
69
75
81
80
84
63
81
97
79
88
76
68
90
68
62
76
84
88
70
92
83
91
74
96
86
72
80
91
94
99
82
75
85
93
114
94
70
94
76
83
95
77
82
85
68
81
73
80
91
97
71
69
77
86
94
79
90
90
75
77
97
66
84
72
72
76
81
86
65
74
73
107
81
75
73
85
71
94
98
79
90
98
81
82
83
82
77
91
71
78
77
69
77
79
75
73
79
70
85
91
95
63
82
69
82
94
89
86
70
90
78
89
81
73
92
73
73
96
89
95
71
79
100
77
79
87
77
83
86
86
69
80
73
85
83
83
63
87
77
87
82
72
85
79
78
71
77
82
86
73
66
80
86
73
80
93
86
89
94
73
84
86
83
74
78
75
81
79
78
77
85
82
66
82
76
89
68
79
94
74
77
87
79
76
99
83
72
75
78
77
70
85
72
97
77
77
74
97
74
84
83
95
63
85
94
82
112
100
86
118
92
137
93
100
88
72
78
86
82
80
